0.313574 0.814276 0.0919162 0.114867 -0.465815
0.855361 -0.316416 0.394121 0.0332074 0.108649
-0.385988 0.12051 0.905759 -0.046069 0.11819
-0.0851637 -0.087048 0.0206223 0.991573 0.0390888
0.117428 0.463396 -0.124077 0.0190771 0.869319

10.759 117.504 -40.7325
8.40462 -91.5643 21.2227
-0.424092 82.8894 -63.9409
0.808505 -0.426651 0.147421
-3.71109 44.7766 -11.4892

12 -51.0001 4.00001
6 167 -68
-4 24 -41
-1 0.999988 4.35114e-06
2 1.14441e-05 2.99999











19:23 
    1.000    0.000   -0.000   -0.000    0.000
    0.000   -0.174    0.889    0.194   -0.376
   -0.000    0.889    0.327   -0.147    0.285
   -0.000    0.194   -0.147    0.968    0.062
    0.000   -0.376    0.285    0.062    0.880

q
    1.000   -0.000   -0.000   -0.000   -0.000
   -0.000    1.000   -0.000   -0.000   -0.000
   -0.000   -0.000    0.996   -0.007   -0.084
   -0.000   -0.000   -0.007    0.984   -0.177
   -0.000   -0.000   -0.084   -0.177   -0.981

19:29

0
-0.277115 0.763596 -0.509064 -0.127266 0.254532
1
-0.183084 -0.763928 0.558776 0.121745 -0.236309
2
0.185831 -0.931461 0.250356 -0.013289 0.187064

19:34
        
14.1774
0
182.321
1
42.9887
2






